0.000865
0.000873
0.000867
0.000872
0.000868
0.000874
0.000866
0.000873
0.000873
0.000871
0.000871
0.000864
0.000862
0.000857
0.000851
0.000862
0.000866
0.000860
0.000859
0.000863
0.000855
0.000859
0.000864
0.000867
0.000871
0.000883
0.000875
0.000865
0.000859
0.000883
0.000854
0.000870
0.000876
0.000874
0.000860
0.000873
0.000848
0.000882
0.000867
0.000864
0.000864
0.000869
0.000862
0.000865
0.000858
0.000868
0.000862
0.000866
0.000862
0.000865
0.000863
0.000869
0.000871
0.000879
0.000864
0.000868
0.000855
0.000881
0.000866
0.000871
0.000854
0.000846
0.000862
0.000863
0.000869
0.000870
0.000865
0.000861
0.000861
0.000870
0.000866
0.000859
0.000865
0.000859
0.000853
0.000879
0.000863
0.000863
0.000853
0.000861
0.000869
0.000863
0.000860
0.000865
0.000874
0.000865
0.000869
0.000862
0.000877
0.000868
0.000864
0.000852
0.000878
0.000868
0.000858
0.000855
0.000875
0.000849
0.000867
0.000863
0.000860
0.000858
0.000873
0.000873
0.000863
0.000852
0.000873
0.000861
0.000862
0.000856
0.000855
0.000861
0.000869
0.000857
0.000863
0.000871
0.000864
0.000861
0.000861
0.000869
0.000860
0.000866
0.000877
0.000877
0.000864
0.000861
0.000877
0.000878
0.000861
0.000858
0.000864
0.000874
0.000868
0.000871
0.000864
0.000863
0.000862
0.000869
0.000864
0.000854
0.000872
0.000864
0.000863
0.000868
0.000863
0.000866
0.000862
0.000871
0.000879
0.000853
0.000857
0.000868
0.000853
0.000874
0.000867
0.000866
0.000876
0.000862
0.000876
0.000858
0.000877
0.000861
0.000861
0.000870
0.000868
0.000856
0.000857
0.000866
0.000864
0.000872
0.000857
0.000854
0.000860
0.000866
0.000884
0.000859
0.000872
0.000855
0.000869
0.000866
0.000867
0.000853
0.000861
0.000859
0.000866
0.000870
0.000876
0.000865
0.000857
0.000848
0.000862
0.000869
0.000859
0.000870
0.000855
0.000862
0.000865
0.000881
0.000873
0.000871
0.000873
0.000857
0.000855
0.000877
0.000863
0.000868
0.000870
0.000878
0.000868
0.000847
0.000868
0.000866
0.000872
0.000865
0.000872
0.000858
0.000862
0.000851
0.000858
0.000856
0.000870
0.000867
0.000866
0.000865
0.000860
0.000871
0.000870
0.000861
0.000864
0.000861
0.000857
0.000859
0.000863
0.000866
0.000862
0.000863
0.000867
0.000866
0.000867
0.000852
0.000867
0.000856
0.000885
0.000857
0.000869
0.000859
0.000864
0.000870
0.000871
0.000868
0.000862
0.000859
0.000858
0.000879
0.000867
0.000861
0.000862
0.000874
0.000864
0.000873
0.000858
0.000862
0.000869
0.000858
0.000862
0.000856
0.000855
0.000860
0.000868
0.000869
0.000876
0.000854
0.000860
0.000870
0.000853
0.000856
0.000868
0.000866
0.000864
0.000865
0.000861
0.000871
0.000855
0.000861
0.000874
0.000870
0.000866
0.000876
0.000868
0.000869
0.000863
0.000861
0.000870
0.000855
0.000863
0.000872
0.000861
0.000860
0.000857
0.000866
0.000856
0.000864
0.000869
0.000868
0.000880
0.000863
0.000863
0.000856
0.000863
0.000871
0.000869
0.000858
0.000865
0.000863
0.000853
0.000869
0.000864
0.000866
0.000857
0.000861
0.000872
0.000871
0.000857
0.000871
0.000876
0.000863
0.000869
0.000849
0.000877
0.000861
0.000861
0.000866
0.000859
0.000863
0.000866
0.000869
0.000867
0.000862
0.000871
0.000865
0.000876
0.000857
0.000856
0.000846
0.000862
0.000859
0.000855
0.000871
0.000867
0.000868
0.000863
0.000865
0.000864
0.000867
0.000857
0.000870
0.000876
0.000863
0.000866
0.000857
0.000874
0.000884
0.000866
0.000861
0.000870
0.000878
0.000856
0.000861
0.000865
0.000872
0.000869
0.000848
0.000863
0.000861
0.000861
0.000870
0.000867
0.000854
0.000870
0.000858
0.000861
0.000862
0.000854
0.000868
0.000862
0.000872
0.000872
0.000862
0.000864
0.000861
0.000849
0.000869
0.000865
0.000862
0.000873
0.000869
0.000877
0.000875
0.000864
0.000865
0.000873
0.000862
0.000862
0.000853
0.000867
0.000865
0.000869
0.000859
0.000865
0.000862
0.000874
0.000858
0.000868
0.000871
0.000864
0.000870
0.000873
0.000864
0.000861
0.000862
0.000864
0.000852
0.000871
0.000864
0.000864
0.000861
0.000857
0.000865
0.000875
0.000868
0.000877
0.000872
0.000869
0.000858
0.000863
0.000870
0.000868
0.000860
0.000861
0.000880
0.000868
0.000869
0.000864
0.000877
0.000870
0.000868
0.000876
0.000862
0.000866
0.000860
0.000868
0.000856
0.000868
0.000871
0.000874
0.000877
0.000878
0.000882
0.000863
0.000874
0.000864
0.000863
0.000869
0.000876
0.000864
0.000850
0.000865
0.000866
0.000875
0.000871
0.000861
0.000859
0.000857
0.000856
0.000855
0.000868
0.000861
0.000860
0.000865
0.000868
0.000865
0.000864
0.000859
0.000854
0.000879
0.000865
0.000861
0.000866
0.000860
0.000865
0.000867
0.000865
0.000868
0.000868
0.000861
0.000851
0.000871
0.000871
0.000864
0.000858
0.000873
0.000873
0.000866
0.000864
0.000878
0.000872
0.000860
0.000866
0.000860
0.000861
0.000863
0.000862
0.000863
0.000871
0.000855
0.000854
0.000849
0.000857
0.000871
0.000866
0.000865
0.000857
0.000864
0.000871
0.000859
0.000868
0.000861
0.000871
0.000864
0.000863
0.000874
0.000873
0.000865
0.000874
0.000863
0.000879
0.000868
0.000870
0.000857
0.000877
0.000864
0.000868
0.000862
0.000857
0.000862
0.000873
0.000864
0.000858
0.000859
0.000859
0.000867
0.000853
0.000867
0.000867
0.000864
0.000874
0.000871
0.000864
0.000868
0.000870
0.000864
0.000873
0.000874
0.000851
0.000868
0.000869
0.000872
0.000861
0.000871
0.000867
0.000854
0.000872
0.000865
0.000867
0.000865
0.000868
0.000864
0.000867
0.000874
0.000866
0.000849
0.000858
0.000860
0.000864
0.000870
0.000865
0.000868
0.000859
0.000869
0.000868
0.000871
0.000857
0.000849
0.000855
0.000869
0.000869
0.000866
0.000872
0.000859
0.000883
0.000861
0.000859
0.000856
0.000866
0.000883
0.000870
0.000861
0.000863
0.000860
0.000856
0.000864
0.000861
0.000877
0.000869
0.000870
0.000867
0.000856
0.000875
0.000870
0.000865
0.000868
0.000873
0.000865
0.000855
0.000869
0.000859
0.000862
0.000869
0.000865
0.000865
0.000859
0.000883
0.000856
0.000867
0.000873
0.000866
0.000857
0.000875
0.000864
0.000850
0.000859
0.000858
0.000862
0.000867
0.000867
0.000878
0.000870
0.000864
0.000872
0.000873
0.000868
0.000862
0.000873
0.000864
0.000851
0.000866
0.000871
0.000874
0.000861
0.000877
0.000852
0.000877
0.000880
0.000868
0.000855
0.000863
0.000867
0.000873
0.000860
0.000882
0.000870
0.000859
0.000863
0.000862
0.000865
0.000853
0.000874
0.000855
0.000860
0.000864
0.000860
0.000866
0.000863
0.000850
0.000864
0.000863
0.000876
0.000873
0.000871
0.000873
0.000870
0.000863
0.000870
0.000867
0.000860
0.000879
0.000879
0.000858
0.000855
0.000871
0.000857
0.000871
0.000863
0.000866
0.000864
0.000861
0.000869
0.000865
0.000866
0.000874
0.000866
0.000864
0.000876
0.000861
0.000876
0.000871
0.000860
0.000866
0.000854
0.000862
0.000864
0.000874
0.000871
0.000873
0.000867
0.000861
0.000858
0.000876
0.000865
0.000868
0.000863
0.000860
0.000865
0.000856
0.000868
0.000861
0.000863
0.000866
0.000868
0.000873
0.000860
0.000864
0.000870
0.000874
0.000854
0.000866
0.000867
0.000860
0.000863
0.000866
0.000859
0.000869
0.000870
0.000863
0.000874
0.000871
0.000863
0.000865
0.000864
0.000874
0.000869
0.000857
0.000858
0.000856
0.000862
0.000867
0.000857
0.000859
0.000862
0.000865
0.000869
0.000867
0.000880
0.000865
0.000857
0.000872
0.000863
0.000872
0.000869
0.000863
0.000865
0.000869
0.000874
0.000855
0.000878
0.000868
0.000864
0.000859
0.000879
0.000870
0.000873
0.000860
0.000856
0.000869
0.000875
0.000878
0.000865
0.000854
0.000856
0.000877
0.000866
0.000871
0.000863
0.000861
0.000860
0.000862
0.000858
0.000857
0.000873
0.000870
0.000864
0.000853
0.000857
0.000873
0.000856
0.000873
0.000869
0.000864
0.000857
0.000886
0.000865
0.000844
0.000876
0.000844
0.000861
0.000866
0.000866
0.000867
0.000866
0.000866
0.000857
0.000867
0.000866
0.000868
0.000860
0.000862
0.000869
0.000860
0.000859
0.000857
0.000861
0.000862
0.000859
0.000865
0.000872
0.000866
0.000868
0.000869
0.000870
0.000852
0.000870
0.000856
0.000860
0.000864
0.000850
0.000864
0.000858
0.000864
0.000863
0.000872
0.000862
0.000871
0.000867
0.000847
0.000866
0.000861
0.000875
0.000868
0.000868
0.000860
0.000857
0.000859
0.000871
0.000865
0.000864
0.000871
0.000862
0.000873
0.000870
0.000872
0.000876
0.000864
0.000864
0.000863
0.000866
0.000869
0.000872
0.000865
0.000879
0.000879
0.000858
0.000875
0.000869
0.000868
0.000878
0.000868
0.000851
0.000868
0.000867
0.000863
0.000870
0.000852
0.000859
0.000865
0.000866
0.000863
0.000854
0.000874
0.000869
0.000867
0.000866
0.000874
0.000859
0.000853
0.000860
0.000865
0.000865
0.000867
0.000859
0.000868
0.000848
0.000868
0.000861
0.000852
0.000859
0.000862
0.000861
0.000870
0.000868
0.000871
0.000864
0.000877
0.000857
0.000865
0.000863
0.000873
0.000861
0.000864
0.000866
0.000860
0.000866
0.000866
0.000865
0.000878
0.000868
0.000871
0.000866
0.000875
0.000874
0.000866
0.000873
0.000865
0.000872
0.000863
0.000864
0.000861
0.000873
0.000866
0.000851
0.000864
0.000874
0.000852
0.000875
0.000861
0.000858
0.000858
0.000862
0.000875
0.000870
0.000857
0.000862
0.000858
0.000864
0.000876
0.000868
0.000862
0.000860
0.000866
0.000874
0.000862
0.000868
0.000867
0.000872
0.000864
0.000858
0.000853
0.000856
0.000862
0.000872
0.000874
0.000855
0.000862
0.000867
0.000857
0.000873
0.000859
0.000852
0.000874
0.000870
0.000852
0.000868
0.000862
0.000881
0.000863
0.000856
0.000854
0.000860
0.000873
0.000867
0.000875
0.000881
0.000868
0.000852
0.000862
0.000872
0.000874
0.000865
0.000865
0.000874
0.000858
0.000874
0.000867
0.000873
0.000871
0.000869
0.000862
0.000863
0.000859
0.000873
0.000864
0.000861
0.000865
0.000868
0.000876
0.000874
0.000859
0.000864
0.000867
0.000869
0.000861
0.000868
0.000863
0.000872
0.000869
0.000860
0.000864
0.000868
0.000866
0.000867
0.000859
0.000863
0.000874
0.000853
0.000867
0.000863
0.000871
0.000862
0.000866
0.000869
0.000864
0.000865
0.000886
0.000861
0.000862
0.000873
0.000868
0.000865
0.000861
0.000857
0.000862
0.000868
0.000863
0.000864
0.000864
0.000866
0.000859
0.000868
0.000860
0.000874
0.000864
0.000867
0.000858
0.000863
0.000872
0.000866
0.000872
0.000858
0.000862
0.000858
0.000874
0.000865
0.000863
0.000868
0.000866
0.000863
0.000857
0.000871
0.000857
0.000874
0.000869
0.000848
0.000851
0.000863
0.000856
0.000869
0.000877
0.000859
0.000861
0.000867
0.000858
0.000852
0.000860
0.000861
0.000870
0.000876
0.000850
0.000860
0.000862
0.000864
0.000867
0.000865
0.000859
0.000863
0.000857
0.000871
0.000862
0.000873
0.000870
0.000856
0.000862
0.000862
0.000866
0.000864
0.000864
0.000872
0.000863
0.000869
0.000848
0.000865
0.000862
0.000866
0.000854
0.000850
0.000858
0.000862
0.000869
0.000862
0.000867
0.000861
0.000874
0.000868
0.000861
0.000855
0.000865
0.000858
0.000859
